311 463
311 754
311 359
311 502
311 407
879 959
879 907
55 318
55 529
55 330
55 244
55 737
305 538
305 362
453 652
453 707
453 492
85 100
106 527
106 173
106 543
464 651
736 869
736 887
736 833
736 965
722 778
36 733
36 58
36 51
36 119
36 367
370 446
370 815
370 614
107 200
107 352
107 352
107 238
107 254
107 254
107 178
107 148
107 197
107 481
107 331
107 496
613 615
613 768
613 641
181 872
181 273
181 475
181 728
408 503
408 530
408 891
110 157
110 388
110 112
110 126
737 985
223 892
223 543
643 780
643 715
643 791
643 791
643 816
643 821
643 927
643 927
362 939
14 913
14 19
14 42
14 42
14 101
14 398
14 48
14 277
14 277
14 58
14 733
14 294
14 224
14 224
14 253
14 251
14 469
14 39
14 760
14 131
3 916
3 14
3 410
3 67
3 67
3 567
3 295
3 277
3 115
3 974
3 5
3 42
3 116
3 775
3 73
3 131
3 36
3 334
3 334
3 19
3 88
3 88
3 101
3 34
3 37
3 37
3 32
3 202
3 11
3 44
3 4
3 58
93 448
93 188
93 434
93 718
93 474
93 881
93 96
93 452
93 189
93 155
93 135
93 744
93 94
93 140
93 722
93 345
93 322
684 959
684 748
684 748
684 748
684 907
684 704
684 839
684 839
594 669
594 607
594 630
594 730
773 938
773 886
773 937
190 455
190 195
190 828
794 876
424 558
424 497
657 852
657 710
580 982
776 873
13 598
13 85
13 17
13 17
13 61
13 169
13 720
13 56
13 525
13 122
13 142
13 43
13 861
13 468
13 468
13 564
13 68
13 68
13 26
13 26
13 26
13 385
13 438
13 124
13 124
13 33
13 33
13 54
13 915
13 143
13 98
187 200
187 740
187 489
616 814
319 417
319 825
319 333
319 452
33 68
33 68
33 247
33 911
33 373
33 87
33 525
33 114
33 169
33 519
33 225
33 142
33 687
33 77
82 625
285 725
285 445
285 565
285 922
285 533
285 533
285 291
285 291
285 291
285 291
285 314
285 349
285 349
285 553
285 553
285 576
891 893
304 708
304 557
304 862
304 443
304 494
304 491
304 520
472 931
472 761
472 761
123 774
123 462
123 153
123 153
123 153
123 289
123 246
123 208
123 624
123 358
123 580
123 274
123 177
123 177
123 327
123 327
123 327
123 827
123 435
123 933
123 386
123 175
123 422
123 144
123 144
123 144
123 144
123 166
123 662
123 658
123 991
123 170
123 546
123 179
597 892
799 913
747 943
747 859
747 887
747 887
747 980
747 751
747 751
120 814
120 249
120 249
120 145
120 132
120 132
120 406
120 571
120 776
347 622
860 949
115 253
115 567
115 501
599 688
599 848
599 801
599 798
599 989
599 829
599 957
599 762
599 835
599 752
599 752
599 655
599 655
599 655
599 655
599 884
599 826
599 975
599 686
599 950
150 867
150 819
150 455
150 244
225 247
225 915
225 245
271 912
271 763
231 460
231 308
231 455
231 920
118 141
118 141
118 141
118 559
118 864
118 120
118 857
118 983
118 446
118 344
118 531
118 701
118 284
118 284
118 370
118 370
118 370
118 616
118 616
118 616
118 121
118 356
118 667
118 137
118 137
118 137
118 167
118 250
118 250
118 510
118 976
118 976
118 132
118 914
118 914
256 432
256 805
256 805
256 400
256 341
256 341
256 309
256 363
256 364
256 364
256 588
256 588
256 288
256 288
256 381
256 880
256 788
256 283
256 394
256 585
256 585
256 339
256 339
256 339
256 645
256 306
256 259
256 810
256 695
256 476
256 290
256 290
256 301
256 384
256 384
256 384
256 332
219 365
219 589
219 626
219 508
233 854
233 825
233 324
233 324
335 733
335 396
335 428
335 483
86 128
86 128
86 409
86 366
86 272
86 481
86 163
86 317
86 317
520 661
520 990
6 49
6 59
6 44
6 19
6 248
6 31
6 213
6 7
6 326
6 108
612 678
868 966
515 552
515 552
515 786
515 786
515 638
515 860
515 860
515 929
515 620
515 954
515 949
515 979
515 979
515 767
515 767
515 836
490 599
490 611
676 858
676 819
676 867
191 262
191 262
191 424
191 846
191 558
209 800
209 755
302 503
302 388
302 897
771 984
771 877
429 946
429 946
429 576
429 922
429 492
429 453
429 963
429 652
429 465
455 920
280 577
280 416
236 708
236 351
236 401
236 343
564 911
933 970
454 924
454 630
454 761
454 472
454 710
217 229
217 530
217 545
514 549
514 544
514 792
514 937
514 998
514 938
180 940
180 188
180 436
180 604
180 369
180 477
180 260
180 651
180 402
180 464
180 322
180 221
180 448
100 526
100 169
100 194
100 122
11 934
11 18
11 18
11 294
11 567
11 31
11 129
11 32
11 439
11 733
11 335
11 202
11 916
11 161
11 73
11 694
11 310
90 330
90 158
578 670
170 299
170 435
170 462
170 991
170 175
170 175
170 617
170 208
170 179
170 186
170 696
170 781
170 512
170 177
170 377
170 377
170 827
322 651
322 369
322 378
322 436
322 586
322 744
322 417
322 551
554 647
667 701
445 640
445 675
445 565
579 920
579 969
232 940
232 605
232 474
232 477
232 718
176 625
176 328
176 647
176 626
176 558
604 727
242 389
242 389
242 389
242 612
242 745
242 535
242 535
242 875
242 355
242 355
242 479
242 479
242 337
242 678
242 509
242 853
242 255
242 368
242 368
242 467
242 618
242 361
242 668
479 629
627 698
627 994
829 900
461 599
461 671
924 992
266 311
266 311
266 433
266 811
266 346
266 346
266 346
266 566
266 628
266 470
266 267
266 267
266 267
266 267
266 488
266 573
266 823
266 463
266 463
266 359
266 561
266 321
266 321
266 321
266 712
266 516
266 516
266 568
266 966
266 399
103 240
103 654
103 173
103 212
103 484
54 312
54 749
54 245
54 923
54 230
54 114
54 199
54 143
54 65
54 898
54 898
835 987
76 240
76 511
76 108
76 80
31 81
31 34
31 108
31 310
692 943
692 921
692 859
692 739
692 736
222 708
222 268
222 611
222 491
222 398
222 416
222 236
640 946
376 608
376 475
376 397
251 253
251 760
751 869
751 802
751 833
741 750
741 843
741 907
741 930
741 956
741 847
388 893
686 829
686 975
686 753
686 753
686 798
686 987
686 900
686 688
686 688
686 813
686 826
97 223
97 123
226 557
226 351
226 304
731 846
309 849
309 363
358 440
358 580
358 415
363 364
363 392
363 449
363 382
363 381
274 624
531 536
574 591
293 413
293 660
293 804
293 323
897 909
412 447
412 773
412 430
412 972
412 544
412 792
412 838
412 787
412 787
412 582
412 500
412 500
412 549
412 549
412 549
412 514
412 514
412 615
412 420
412 420
412 420
412 420
412 674
412 674
216 539
216 948
216 583
632 725
632 707
350 632
350 649
360 874
360 513
833 859
833 965
345 908
345 609
384 960
384 705
384 569
384 569
384 810
276 498
276 503
312 414
312 411
312 656
312 656
312 427
312 911
312 468
17 564
17 390
17 85
17 122
17 122
17 793
17 427
17 33
17 373
17 194
17 861
17 524
17 65
17 142
17 43
17 225
17 77
17 77
369 716
369 727
369 881
369 609
369 637
212 305
212 623
839 926
441 446
441 873
194 793
194 199
194 348
194 312
194 312
382 880
382 400
382 961
382 449
626 729
626 660
808 910
364 766
364 394
364 432
364 432
364 988
364 384
812 904
812 958
30 275
30 198
30 443
30 63
30 398
30 61
30 523
30 523
590 711
590 657
590 724
121 815
121 473
121 145
401 494
401 708
32 73
32 67
32 36
258 603
258 375
258 667
45 92
45 152
45 195
45 540
558 856
750 843
750 771
750 930
750 926
750 839
750 803
189 727
189 319
752 884
752 987
752 987
752 993
752 813
332 400
332 642
332 392
63 365
63 82
63 589
63 218
63 508
235 487
235 388
235 897
208 299
208 781
208 991
75 128
75 239
75 593
75 181
75 99
75 149
75 840
75 840
75 78
75 728
75 366
75 197
75 200
75 200
75 187
75 187
75 107
75 107
75 419
75 273
75 872
75 489
75 740
75 163
75 148
75 254
75 287
553 707
553 658
596 673
41 336
41 134
41 237
486 885
486 992
486 666
486 556
486 784
486 784
486 669
486 594
486 711
486 710
133 196
133 154
133 302
133 388
133 211
133 203
133 583
133 215
58 439
58 74
58 469
58 129
58 974
58 119
58 116
58 690
58 224
243 307
243 597
243 511
243 403
243 543
665 917
665 817
665 668
356 873
356 441
779 954
779 888
485 893
485 910
878 981
439 974
122 124
122 411
15 572
15 161
15 21
15 92
15 130
15 633
484 770
314 946
314 445
314 350
314 353
314 517
314 942
314 942
314 553
314 652
314 707
43 247
43 207
43 100
43 438
43 230
43 85
43 720
43 56
43 443
43 519
43 65
43 98
43 526
8 20
8 563
8 9
8 9
8 9
8 336
8 354
8 55
8 16
8 737
8 303
8 878
8 12
8 12
8 92
8 195
8 111
866 904
866 894
20 45
20 455
20 158
20 21
20 150
20 676
20 55
20 134
378 606
378 609
458 515
458 515
458 459
458 459
458 779
286 498
286 487
286 808
286 897
157 196
157 229
157 537
157 216
157 808
157 583
47 504
47 105
47 83
47 205
47 241
47 91
402 477
402 854
402 550
383 467
383 467
383 629
392 532
392 642
392 569
392 810
392 635
499 836
499 664
748 956
748 771
702 871
702 772
702 772
702 772
702 919
702 726
702 769
702 928
702 806
702 945
460 541
460 737
569 697
569 810
569 953
569 588
569 588
575 883
575 764
218 625
218 328
218 285
415 522
415 624
415 580
415 512
415 617
169 602
762 801
762 798
762 845
615 719
615 789
615 998
387 759
126 257
571 796
571 864
571 614
571 614
571 857
950 993
950 957
273 728
88 439
260 605
260 978
12 20
12 231
12 15
12 15
12 354
12 653
12 737
12 138
12 134
12 150
12 90
12 152
12 41
12 64
813 975
813 845
831 936
149 650
149 187
149 489
149 172
149 272
149 593
149 397
149 409
774 970
555 664
555 681
555 779
555 979
555 836
507 511
507 591
709 876
602 923
536 667
473 667
473 815
473 531
270 450
270 676
270 653
114 793
114 207
114 525
114 599
341 849
341 381
755 882
755 939
234 344
234 857
234 536
234 473
234 914
234 571
234 776
288 961
288 645
288 849
288 849
288 642
288 301
288 301
669 743
172 193
172 740
614 680
101 295
101 799
101 440
325 462
325 933
325 422
325 794
325 822
325 340
325 358
325 709
333 550
333 795
333 404
144 299
144 289
144 153
144 208
144 671
144 461
144 263
144 263
144 246
144 955
144 512
144 415
144 644
144 435
144 865
144 166
144 166
144 546
144 546
144 377
144 377
144 696
144 423
144 423
144 170
144 617
144 709
166 522
166 955
166 844
166 325
166 631
166 415
166 717
166 274
166 177
166 644
803 837
803 926
822 999
822 903
466 490
466 491
466 577
466 570
272 809
272 405
272 790
272 287
272 317
224 832
224 396
224 913
625 689
780 842
780 850
780 899
780 791
780 821
780 996
113 191
158 318
158 244
248 818
816 967
816 850
724 797
724 852
206 329
206 329
206 490
206 925
206 401
206 222
206 587
206 320
206 320
206 372
206 292
206 831
206 214
206 214
206 990
298 725
298 300
298 300
298 349
298 562
298 350
298 734
298 314
298 353
298 640
116 326
522 970
522 865
522 876
198 293
198 495
198 874
198 497
198 497
74 295
74 760
238 433
238 542
238 346
238 566
238 502
238 628
238 573
238 395
238 395
238 395
238 932
238 321
238 266
238 266
238 266
238 266
238 966
238 407
238 811
238 811
238 706
238 706
238 399
238 282
238 282
238 282
238 600
238 488
238 488
238 359
238 463
238 783
238 783
238 754
715 842
715 821
715 944
713 995
713 723
81 974
81 396
81 131
81 334
81 119
744 825
679 757
679 850
679 899
636 780
636 780
636 816
636 715
636 715
636 715
636 643
636 944
636 944
636 842
636 679
636 679
636 679
636 679
636 757
636 967
636 996
585 782
595 681
595 779
595 620
595 767
220 250
220 356
239 285
239 261
105 508
105 219
105 804
186 522
186 781
186 999
186 631
186 663
186 982
186 208
186 263
186 580
186 327
186 422
186 422
663 671
565 675
565 734
129 934
140 474
140 252
155 227
155 233
155 342
155 232
155 345
155 319
155 448
0 269
0 426
0 70
0 173
0 212
0 212
0 305
0 305
0 732
0 53
0 53
0 527
0 951
0 108
0 106
0 76
0 281
0 164
0 164
0 223
0 735
0 103
0 895
0 147
0 362
0 362
0 151
0 25
0 654
0 418
0 986
0 986
0 97
0 2
0 240
0 892
0 185
0 10
0 10
0 10
0 10
0 71
0 35
0 35
0 27
0 493
0 69
0 69
0 4
0 4
0 60
0 80
0 139
0 1
0 1
0 1
0 1
0 758
0 201
0 507
0 507
0 371
165 846
165 941
142 598
142 923
142 720
142 438
142 348
142 524
142 230
462 794
462 631
200 872
200 481
200 785
482 797
482 486
482 590
482 556
482 924
482 902
482 721
482 657
482 657
482 630
482 607
482 607
482 743
207 373
207 245
207 519
207 414
413 901
413 846
738 879
738 879
738 843
738 748
738 771
738 847
606 889
606 637
244 541
244 318
244 985
244 460
244 506
509 535
509 977
509 575
109 498
109 964
109 948
109 203
109 421
109 159
601 719
601 789
703 909
497 968
433 754
433 470
433 568
433 548
18 49
18 21
18 44
18 87
18 34
18 67
18 116
125 371
112 157
112 528
112 530
112 133
307 939
307 735
143 207
909 964
446 680
446 536
446 473
168 279
168 962
168 491
168 222
168 222
168 174
168 174
168 226
168 862
168 268
168 401
168 278
168 236
168 236
315 424
315 360
315 648
315 513
331 419
366 809
366 809
366 608
366 699
91 554
91 328
91 241
91 901
91 176
91 176
91 731
91 647
91 165
91 689
91 424
91 495
498 530
25 125
25 156
25 591
25 403
25 677
174 268
174 268
174 962
174 214
174 862
174 320
174 206
174 184
174 184
174 226
174 226
174 304
174 280
174 280
174 236
174 329
174 278
174 278
174 925
174 670
174 457
174 222
174 570
174 279
174 661
174 661
174 661
174 351
174 520
174 292
69 243
69 76
69 892
69 281
69 97
69 824
213 428
213 775
798 957
798 993
798 884
592 682
592 627
592 783
51 81
51 483
51 73
51 818
51 501
681 929
221 609
658 943
658 691
658 691
658 691
658 691
658 747
658 747
658 802
658 692
658 887
658 980
658 921
658 921
658 739
658 869
658 736
658 736
658 736
658 833
658 751
781 982
566 712
566 823
566 628
465 533
465 518
465 963
465 565
465 562
465 517
600 780
600 944
600 821
600 996
600 842
600 636
600 636
600 636
600 636
600 850
600 757
600 757
600 967
600 643
600 643
600 643
52 625
52 176
52 66
52 191
334 832
802 965
802 980
802 980
802 833
745 917
164 758
164 252
37 59
37 799
532 585
532 988
28 36
28 74
340 461
340 617
67 870
67 161
418 770
418 755
418 623
264 790
264 273
264 352
264 699
264 785
264 316
353 640
353 445
337 387
337 387
337 745
337 383
337 764
337 695
337 817
337 851
337 618
337 380
337 391
337 391
337 391
671 982
671 717
671 933
430 601
430 613
430 514
430 792
430 937
430 886
246 822
246 991
246 386
246 289
419 650
419 431
419 475
327 461
327 844
327 717
327 631
327 999
618 665
9 947
9 969
9 579
9 130
9 130
9 130
9 828
9 138
9 659
9 529
9 878
9 303
9 981
9 981
9 981
9 15
9 190
9 190
9 190
9 633
9 90
9 90
9 90
9 471
9 471
9 330
9 330
9 506
394 697
607 797
607 666
607 885
607 630
607 931
250 284
250 258
250 344
250 370
250 683
250 356
250 510
250 406
620 949
655 688
655 801
655 801
655 798
655 989
655 845
655 845
655 829
655 829
655 826
655 826
655 753
655 753
655 762
655 762
655 762
655 835
655 835
655 752
655 752
655 957
655 686
655 686
655 686
655 848
655 848
655 848
655 813
655 813
655 900
263 435
263 512
386 644
386 624
371 623
371 527
371 574
646 994
786 888
786 888
786 860
428 501
660 968
660 874
660 763
355 917
355 612
355 612
355 387
355 851
355 575
355 575
355 575
355 361
862 962
267 433
267 395
267 548
267 282
670 831
859 869
257 503
308 572
330 450
330 659
330 878
330 633
517 632
517 675
177 774
177 186
177 274
448 477
26 749
26 390
26 524
26 519
26 385
26 411
26 199
26 348
26 61
26 602
26 114
26 526
26 373
26 56
26 56
26 143
26 54
26 54
26 43
26 43
26 861
399 966
399 706
399 932
399 548
399 516
928 945
281 895
281 905
420 447
420 768
420 430
420 430
420 998
420 773
420 674
420 886
420 787
420 582
420 547
420 547
561 573
561 627
561 646
561 646
561 783
494 634
763 901
145 284
145 683
145 375
145 603
145 406
145 441
145 441
145 250
145 297
145 510
145 976
145 182
145 220
156 240
156 185
156 905
502 592
502 561
502 568
582 613
582 789
582 641
628 712
628 868
628 994
628 646
291 445
291 492
291 492
291 640
291 565
291 465
291 465
291 298
291 298
291 298
291 298
291 533
291 453
291 453
291 453
291 314
291 314
291 349
291 353
291 429
291 429
291 429
291 429
291 553
291 505
291 505
291 505
291 505
291 350
291 300
291 300
291 517
291 517
291 518
291 942
291 942
291 576
291 576
291 562
291 963
726 812
726 973
726 769
726 769
726 806
459 638
459 949
459 779
459 584
459 499
361 678
361 509
361 875
361 665
361 665
361 368
361 629
644 781
644 844
644 933
29 912
29 413
29 47
29 61
29 523
29 315
29 205
29 52
29 621
29 621
262 729
262 777
262 424
283 532
283 309
283 309
283 805
283 961
283 960
283 705
283 476
283 635
283 635
283 288
283 332
96 136
96 136
96 854
96 795
96 192
96 192
96 908
96 378
96 162
96 162
96 162
96 550
96 135
96 227
96 227
96 889
96 778
96 622
96 402
96 180
96 180
96 722
96 722
96 322
78 785
78 107
78 419
78 273
78 172
78 181
78 790
78 728
78 160
78 99
78 409
78 193
78 685
78 376
78 740
78 431
78 228
78 252
237 600
237 714
237 563
237 676
237 878
134 572
134 969
134 460
134 308
134 237
134 633
694 896
694 863
694 863
694 765
694 765
694 723
694 723
694 723
694 935
694 713
694 713
694 713
694 713
161 416
161 174
161 174
161 557
161 214
161 466
161 206
161 206
161 206
161 226
161 990
161 168
161 168
161 168
161 168
161 570
161 292
161 442
161 442
161 351
161 278
161 343
161 343
161 280
161 184
161 184
457 611
869 921
310 501
310 410
492 562
492 734
642 705
642 988
820 931
721 761
674 719
674 787
278 292
278 639
278 578
278 670
278 280
278 304
278 304
40 113
40 113
40 198
40 413
40 218
40 647
40 315
40 626
40 262
40 57
40 66
40 66
111 231
111 303
111 285
111 471
450 714
638 954
638 786
79 198
79 82
79 497
79 523
523 689
863 935
863 995
863 995
765 997
765 863
765 995
765 935
765 896
471 746
471 540
57 271
57 912
57 105
57 105
57 79
57 64
57 66
57 218
57 508
710 724
710 724
141 510
68 390
68 390
68 247
68 793
68 411
68 142
68 312
68 600
68 687
295 916
295 469
295 483
2 310
2 18
2 59
2 44
2 3
2 3
2 3
2 3
2 123
2 123
2 115
2 6
2 6
2 14
2 116
2 5
2 5
2 5
2 775
2 39
2 224
2 832
2 396
2 469
2 19
2 326
2 87
2 4
2 913
2 799
2 483
2 32
2 439
2 101
2 11
2 7
2 7
2 88
2 251
2 367
2 50
2 28
2 28
2 28
211 759
211 883
211 977
211 612
211 387
211 242
211 242
211 242
211 242
211 700
211 361
211 361
211 337
211 337
211 337
211 853
211 853
211 255
211 255
211 255
211 467
211 875
211 380
211 380
211 668
211 383
211 383
211 383
321 542
321 698
321 566
321 359
321 502
321 470
321 573
321 932
321 646
321 754
321 399
104 545
104 703
104 703
104 891
104 203
104 421
104 159
66 113
66 856
66 89
66 79
66 79
66 619
66 941
66 219
66 621
668 977
668 700
706 868
385 906
62 154
62 154
62 425
62 286
62 347
62 964
62 421
62 302
62 235
62 257
62 112
62 112
62 112
62 480
62 84
62 84
62 84
62 215
62 265
62 498
62 673
62 528
62 408
62 133
62 948
62 171
62 217
62 109
62 109
62 157
62 537
62 485
62 909
62 276
95 890
95 732
95 223
287 496
139 493
139 371
139 156
139 281
139 755
139 209
139 824
102 196
102 229
102 893
102 286
102 110
102 347
102 583
102 109
102 146
102 673
102 210
102 126
102 159
102 104
102 910
102 215
132 234
132 559
132 534
132 258
132 258
132 379
132 680
132 297
132 297
132 220
132 220
132 375
196 217
196 425
196 286
196 276
495 504
46 269
46 53
791 899
772 866
772 866
772 866
772 871
772 871
772 812
772 894
772 894
772 919
772 919
772 928
772 904
772 945
772 971
379 446
379 534
259 697
259 960
259 782
259 338
259 338
259 338
259 392
259 392
259 290
259 306
572 653
572 858
572 867
380 764
380 509
380 509
380 851
380 618
380 391
380 479
380 665
329 611
329 639
329 457
329 343
438 602
323 941
323 513
323 689
422 696
422 662
316 431
488 627
488 566
488 516
488 568
488 548
35 426
35 732
35 53
35 147
35 824
35 95
35 951
35 97
546 662
546 844
546 644
546 671
171 485
171 695
171 528
171 210
171 539
171 909
188 434
188 192
188 718
188 233
188 221
188 260
188 227
188 744
188 908
188 189
188 448
94 260
94 233
94 718
94 378
94 452
94 189
94 155
94 551
94 716
94 342
94 604
94 221
94 637
421 437
421 487
61 196
61 171
61 673
61 286
61 235
61 600
61 257
61 257
61 480
61 480
61 480
61 203
61 84
61 104
61 215
61 265
61 229
61 485
61 485
61 408
61 110
61 110
61 62
61 62
61 62
61 62
61 216
61 216
61 545
61 102
61 102
61 855
61 146
61 146
61 537
61 64
61 891
61 133
61 133
61 658
61 276
400 697
400 782
400 585
400 705
400 953
400 953
400 635
756 994
512 955
512 903
72 239
72 331
72 366
72 172
72 181
72 287
72 608
72 99
72 204
72 78
72 78
72 75
72 75
72 86
72 86
72 489
72 161
72 228
72 228
72 163
72 163
72 123
72 685
228 397
228 840
290 642
290 766
377 386
377 709
381 782
381 382
381 645
381 961
381 432
381 805
381 476
27 654
27 269
27 426
27 521
27 70
27 70
27 307
27 307
27 173
27 986
27 183
27 403
27 403
27 484
27 106
27 106
27 527
27 755
27 103
27 103
27 71
27 151
27 574
27 895
27 800
27 60
27 164
27 95
27 223
27 735
27 139
27 243
27 127
27 695
27 362
27 296
27 296
27 296
27 201
27 35
27 507
27 882
27 543
27 951
396 690
60 125
60 125
60 76
60 654
60 70
60 156
60 538
60 212
60 95
60 209
60 800
60 151
60 71
60 824
99 239
99 405
99 331
99 419
99 431
99 264
99 809
99 261
99 178
99 178
99 650
99 193
99 149
99 287
99 560
678 817
678 977
245 598
245 720
245 749
146 487
146 408
146 347
297 683
297 680
297 914
297 357
163 352
163 193
163 376
163 181
163 952
163 952
163 685
447 641
447 514
447 768
447 938
447 742
389 917
389 745
389 535
389 851
631 717
631 903
393 522
393 865
427 656
38 554
38 830
38 262
38 83
38 874
38 205
38 660
38 219
38 241
551 918
551 605
551 606
451 664
451 555
451 499
451 499
451 954
451 786
451 681
451 888
451 620
630 730
630 730
630 724
108 234
108 234
108 683
108 145
108 120
108 120
108 120
108 357
108 983
108 379
108 344
108 137
108 701
108 616
108 118
108 118
108 118
108 118
108 121
108 121
108 121
108 167
108 534
108 796
108 559
108 238
108 132
108 571
108 182
73 88
73 410
552 834
552 664
552 595
552 584
552 681
192 436
192 417
192 795
192 550
192 464
192 727
192 551
192 825
34 115
672 684
672 684
672 741
672 738
672 930
672 693
672 803
672 803
506 541
506 746
506 540
147 597
147 185
147 939
147 511
147 538
147 243
147 677
92 303
351 634
351 401
542 610
989 993
303 746
534 815
534 571
549 613
549 886
549 838
549 615
300 632
300 518
300 350
300 353
183 484
210 235
210 596
210 408
210 897
210 347
557 639
557 634
557 936
557 587
598 911
598 749
753 884
753 975
753 835
753 950
753 989
753 900
175 774
175 462
175 865
175 663
175 325
175 822
175 246
175 179
175 186
175 263
175 358
175 423
175 423
80 371
80 484
80 758
818 934
167 234
167 379
167 796
167 603
167 356
167 220
365 589
365 554
365 804
214 670
214 279
214 577
214 238
214 587
214 372
214 466
214 416
214 557
1 923
1 85
1 17
1 17
1 906
1 427
1 2
1 2
1 2
1 440
1 385
1 65
1 841
1 225
1 861
1 414
1 564
1 26
1 21
1 525
1 468
1 348
1 656
1 807
1 194
1 194
1 33
1 687
1 54
1 915
1 100
1 143
1 13
1 13
1 13
1 13
1 98
1 98
1 898
1 77
463 712
463 682
556 711
556 924
556 669
556 594
556 710
179 774
179 393
179 794
179 794
179 186
179 340
179 340
179 696
299 903
299 827
299 340
299 325
299 415
919 928
349 632
349 922
349 649
349 649
349 465
338 880
338 382
338 960
338 788
338 449
338 569
44 74
44 251
44 334
136 651
136 188
136 889
136 155
136 606
136 586
136 586
136 285
136 402
136 180
136 722
136 345
203 596
203 210
203 210
203 855
411 602
469 799
801 950
801 950
317 952
204 608
204 261
204 560
152 308
152 318
437 891
437 478
437 537
154 265
154 171
154 157
154 703
154 596
154 421
154 302
48 49
48 213
456 595
344 814
417 694
417 795
417 604
65 199
391 629
391 668
391 764
824 890
719 742
896 997
130 947
130 579
130 579
130 138
130 138
130 746
130 270
130 540
130 244
130 134
130 819
130 506
130 506
757 816
757 816
757 899
757 791
757 927
757 967
98 564
98 169
98 906
98 524
98 898
98 114
182 357
182 536
128 650
128 197
128 790
128 204
268 639
268 962
268 466
268 442
268 520
268 570
782 788
443 784
443 931
443 454
443 454
443 454
443 992
443 594
443 594
443 482
443 482
443 482
443 820
443 820
443 820
443 820
443 885
443 599
443 721
443 721
443 657
443 924
443 902
443 669
443 797
443 444
443 444
443 444
443 444
443 486
443 486
443 486
443 590
443 607
443 711
443 666
443 666
443 852
443 472
443 472
443 472
320 329
320 494
320 490
845 989
533 652
440 552
440 552
440 515
440 515
440 638
440 979
440 451
440 451
440 451
440 451
440 584
440 584
440 860
440 458
440 458
440 458
440 458
440 834
440 834
440 834
440 456
440 456
440 456
440 456
440 555
440 555
440 555
440 620
440 459
440 459
440 595
440 595
440 767
440 499
440 929
440 929
227 551
227 940
227 333
227 417
53 125
53 147
53 418
53 986
53 95
53 677
252 382
252 532
252 532
252 283
252 283
252 283
252 256
252 256
252 256
252 256
252 476
252 400
252 259
252 259
252 259
252 338
252 341
252 309
252 363
252 290
252 301
252 988
252 288
252 381
22 30
22 30
22 901
22 275
22 660
22 38
22 38
22 323
22 374
22 374
22 24
22 729
22 731
22 205
22 40
22 40
22 89
622 879
622 837
622 704
622 704
622 704
622 984
622 926
622 741
622 771
622 803
622 750
622 750
622 738
622 738
622 693
622 693
622 693
622 847
622 847
622 684
622 684
622 907
622 877
622 877
622 956
622 956
622 959
622 959
622 672
622 672
622 672
622 672
39 50
39 410
159 694
159 855
159 171
505 518
505 649
584 638
693 750
693 984
693 738
693 930
368 853
368 875
368 618
368 700
548 932
548 561
548 868
898 915
343 578
343 494
346 823
346 470
357 864
357 814
162 238
700 817
647 729
647 941
249 873
249 776
249 441
249 701
249 531
740 785
740 952
84 154
84 425
84 425
84 302
84 235
84 964
84 126
84 126
84 855
84 104
84 104
84 808
84 808
84 159
84 265
84 596
84 478
84 478
84 102
84 102
84 217
84 217
84 539
84 109
84 146
84 703
84 437
84 437
84 437
84 110
84 216
84 276
723 997
723 863
723 896
723 896
723 935
723 765
723 765
240 305
240 895
21 554
21 328
21 495
21 495
21 47
21 47
21 176
21 38
21 38
21 113
21 731
21 374
21 374
21 323
21 165
21 83
21 83
21 22
21 22
21 22
21 22
21 52
21 52
21 40
21 40
21 89
21 271
21 30
21 241
21 830
21 79
21 219
21 504
21 24
21 24
21 648
21 648
21 64
21 558
21 763
21 619
21 619
21 293
21 293
21 293
21 63
21 63
21 275
21 275
21 191
21 218
21 117
21 117
21 117
21 57
21 91
21 91
21 91
21 29
21 912
21 87
21 23
21 23
21 23
21 23
21 365
21 777
21 777
21 315
21 82
21 360
21 968
21 658
261 593
261 699
4 579
4 969
4 15
4 16
4 16
4 16
4 354
4 55
4 270
4 270
4 947
4 947
4 819
4 190
4 985
4 152
4 152
4 195
4 8
4 8
4 8
4 8
4 111
4 111
4 450
4 858
4 858
4 231
4 231
4 460
4 9
4 336
4 336
4 828
4 828
4 659
4 659
4 563
4 563
4 529
4 237
4 237
4 12
4 12
4 45
4 45
4 676
4 41
4 41
4 41
4 653
4 211
4 920
4 714
4 714
4 150
4 150
160 178
547 601
547 601
547 641
547 972
547 938
547 768
547 742
148 872
148 187
148 272
148 840
148 316
148 204
148 204
695 866
695 945
695 919
695 904
695 812
695 812
695 772
695 958
695 958
695 958
695 702
695 702
695 702
695 702
695 973
695 973
695 726
695 726
695 726
695 928
695 769
695 871
695 806
695 806
695 971
695 971
359 682
359 488
359 399
359 502
476 766
476 953
50 81
255 759
255 759
255 389
255 745
255 355
255 355
255 883
255 700
255 479
255 678
255 368
255 380
49 50
352 376
24 105
24 30
24 830
24 47
24 82
24 191
24 323
24 804
24 365
24 413
24 117
24 165
24 589
24 52
24 57
24 57
24 29
24 621
24 89
403 521
403 574
889 908
516 542
516 592
516 682
516 706
516 610
516 610
516 756
516 811
675 725
675 734
842 927
842 996
837 879
837 843
837 839
511 951
511 905
511 538
511 521
137 141
137 145
137 864
137 603
137 357
137 473
137 983
137 258
137 379
137 249
137 249
137 252
137 531
137 375
137 614
137 167
137 167
137 534
137 297
137 976
137 406
137 182
137 182
89 360
89 360
89 830
89 443
89 763
444 482
444 590
444 590
444 784
444 454
444 992
444 885
444 721
444 556
444 556
444 852
444 730
444 743
691 747
691 739
691 739
691 802
691 692
691 692
691 692
691 751
70 106
70 622
70 71
70 882
937 972
937 972
937 998
348 598
348 841
348 427
306 880
306 394
306 449
306 332
306 332
825 978
825 918
135 402
135 716
135 188
135 324
135 232
135 221
135 978
135 140
336 572
336 985
336 867
935 997
313 434
313 404
513 856
5 916
5 14
5 14
5 248
5 48
5 129
5 115
5 277
5 202
5 37
5 326
5 622
5 39
5 295
5 36
5 870
5 28
5 101
5 31
5 31
5 428
5 42
5 213
5 335
5 335
5 11
5 7
5 51
5 51
5 51
5 251
5 6
5 6
559 796
559 983
559 857
559 776
577 936
442 634
442 457
442 520
442 925
398 447
398 447
398 719
398 789
398 544
398 544
398 937
398 582
398 582
398 500
398 500
398 547
398 412
398 412
398 412
398 412
398 694
398 615
398 430
410 870
410 690
56 100
56 385
56 225
56 124
56 230
10 597
10 269
10 426
10 507
10 521
10 46
10 46
10 46
10 46
10 156
10 307
10 80
10 80
10 591
10 97
10 209
10 732
10 183
10 183
10 183
10 151
10 27
10 27
10 27
10 890
10 493
10 493
10 76
10 770
10 69
10 69
10 800
10 60
10 60
10 281
10 164
10 735
10 139
10 139
10 243
10 127
10 127
10 127
10 147
10 418
10 418
10 296
10 201
10 35
10 25
10 25
10 25
10 758
71 103
71 201
71 677
71 209
71 574
151 185
151 597
573 698
544 773
544 613
23 271
23 165
23 968
23 63
23 24
23 198
23 504
23 29
23 29
535 883
610 698
610 756
153 299
153 393
153 393
153 393
153 827
153 663
153 663
153 289
153 999
153 274
153 970
153 246
153 461
153 358
153 175
153 955
153 170
153 170
153 325
153 166
153 822
153 662
153 179
153 876
153 386
153 546
153 709
550 606
711 743
711 902
711 902
138 158
395 868
395 610
395 756
184 990
184 372
184 279
184 466
184 442
184 925
184 457
184 320
480 910
588 766
407 433
407 561
407 823
407 756
407 628
215 545
215 539
265 478
519 807
508 777
508 626
508 513
19 49
19 74
19 248
19 567
19 34
19 48
19 48
19 213
19 581
19 37
19 294
19 335
19 81
19 253
19 690
19 32
19 39
19 367
282 311
282 311
282 542
282 592
282 592
282 627
282 398
282 407
282 407
42 832
42 294
42 58
42 870
42 428
42 129
42 119
42 775
279 372
279 578
279 578
279 587
372 862
372 577
372 490
704 741
704 741
704 837
704 837
704 984
704 877
254 481
254 496
518 963
64 128
64 239
64 405
64 405
64 593
64 376
64 172
64 272
64 331
64 149
64 149
64 409
64 78
64 685
64 75
64 75
64 366
64 197
64 72
64 72
64 72
64 72
64 228
64 316
64 316
64 496
64 264
64 264
64 264
64 107
64 160
64 160
64 160
64 261
64 99
64 317
64 148
64 148
64 86
64 86
64 254
64 211
64 475
64 560
64 560
769 973
769 894
769 971
301 363
301 788
301 645
301 341
301 394
301 339
301 364
301 306
301 306
77 841
247 807
434 940
434 586
434 778
7 934
7 18
7 59
7 50
7 818
7 581
7 11
7 760
7 131
425 528
16 450
16 20
16 20
16 158
16 541
16 529
16 354
16 55
16 270
16 440
16 45
16 92
16 471
16 308
16 111
639 831
639 831
639 936
436 464
436 881
185 905
185 623
185 882
197 699
197 397
739 943
739 859
739 965
739 747
739 802
652 675
652 922
131 818
528 948
525 841
87 378
87 605
87 369
87 369
87 232
87 232
87 881
87 604
87 404
87 404
87 140
87 140
87 155
87 889
87 342
87 342
87 464
87 978
87 637
87 136
87 136
87 918
87 918
87 434
87 192
87 474
87 233
87 135
87 135
87 716
87 854
87 313
87 313
87 313
87 313
87 189
87 324
87 93
87 93
87 93
87 93
87 94
87 94
87 94
87 162
87 436
87 452
87 211
87 333
87 333
87 96
87 96
87 96
87 260
87 744
87 778
87 180
87 345
87 319
87 319
87 322
199 526
199 207
199 906
199 438
199 807
199 245
199 687
199 414
241 271
241 731
241 315
241 648
241 619
241 856
500 773
500 838
500 838
500 601
500 792
500 674
500 742
500 547
664 836
510 559
493 890
493 770
119 310
119 202
119 367
119 248
119 581
119 581
