1 2 1
1 3 1
1 4 1
1 5 1
1 6 1
1 7 1
1 8 1
1 11 1
1 13 1
1 14 1
1 15 1
1 16 1
1 19 1
1 20 1
1 22 1
1 25 1
1 26 1
1 31 1
1 32 1
1 33 1
1 35 1
1 36 1
1 40 1
1 41 1
1 42 1
1 43 1
1 44 1
1 45 1
1 46 1
1 49 1
1 51 1
1 54 1
1 56 1
1 65 1
1 66 1
1 67 1
1 71 1
1 73 1
1 74 1
1 77 1
1 78 1
1 79 1
1 81 1
1 82 1
1 83 1
1 86 1
1 87 1
1 88 1
1 90 1
1 95 1
1 100 1
1 102 1
1 104 1
1 112 1
1 116 1
1 117 1
1 118 1
1 119 1
1 122 1
1 124 1
1 126 1
1 129 1
1 134 1
1 138 1
1 151 1
1 153 1
1 159 1
1 161 1
1 164 1
1 166 1
1 174 1
1 176 1
1 177 1
1 182 1
1 185 1
1 190 1
1 192 1
1 194 1
1 197 1
1 199 1
1 202 1
1 203 1
1 206 1
1 207 1
1 209 1
1 214 1
1 216 1
1 228 1
1 234 1
1 237 1
1 247 1
1 248 1
1 249 1
1 250 1
1 252 1
1 259 1
1 260 1
1 263 1
1 264 1
1 268 1
1 277 1
1 280 1
1 283 1
1 285 1
1 290 1
1 293 1
1 300 1
1 310 1
1 318 1
1 325 1
1 327 1
1 336 1
1 348 1
1 366 1
1 369 1
1 386 1
1 387 1
1 400 1
1 401 1
1 404 1
1 405 1
1 406 1
1 411 1
1 412 1
1 413 1
1 415 1
1 420 1
1 434 1
1 436 1
1 437 1
1 448 1
1 449 1
1 452 1
1 457 1
1 465 1
1 468 1
1 474 1
1 475 1
1 476 1
1 477 1
1 481 1
1 483 1
1 486 1
1 491 1
1 492 1
1 495 1
1 503 1
1 505 1
1 506 1
1 520 1
1 523 1
1 525 1
1 527 1
1 528 1
1 536 1
1 541 1
1 550 1
1 553 1
1 555 1
1 559 1
1 562 1
1 564 1
1 566 1
1 570 1
1 576 1
1 578 1
1 581 1
1 584 1
1 585 1
1 593 1
1 617 1
1 632 1
1 634 1
1 646 1
1 663 1
1 669 1
1 672 1
1 680 1
1 685 1
1 695 1
1 696 1
1 697 1
1 708 1
1 710 1
1 714 1
1 715 1
1 717 1
1 719 1
1 721 1
1 722 1
1 732 1
1 735 1
1 737 1
1 739 1
1 746 1
1 754 1
1 767 1
1 770 1
1 771 1
1 780 1
1 781 1
1 783 1
1 788 1
1 792 1
1 793 1
1 803 1
1 809 1
1 810 1
1 813 1
1 814 1
1 835 1
1 837 1
1 840 1
1 853 1
1 861 1
1 873 1
1 894 1
1 896 1
1 899 1
1 904 1
1 906 1
1 915 1
1 921 1
1 931 1
1 934 1
1 935 1
1 936 1
1 946 1
1 947 1
1 949 1
1 961 1
1 964 1
1 969 1
1 972 1
1 985 1
1 988 1
1 990 1
1 993 1
2 3 1
2 11 1
2 21 1
2 28 1
2 38 1
2 42 1
2 50 1
2 53 1
2 56 1
2 64 1
2 75 1
2 79 1
2 82 1
2 89 1
2 93 1
2 100 1
2 105 1
2 118 1
2 128 1
2 131 1
2 139 1
2 150 1
2 155 1
2 167 1
2 191 1
2 192 1
2 208 1
2 215 1
2 219 1
2 242 1
2 245 1
2 251 1
2 255 1
2 261 1
2 262 1
2 314 1
2 329 1
2 331 1
2 333 1
2 348 1
2 356 1
2 360 1
2 363 1
2 370 1
2 460 1
2 473 1
2 492 1
2 509 1
2 510 1
2 520 1
2 534 1
2 535 1
2 552 1
2 556 1
2 594 1
2 616 1
2 619 1
2 626 1
2 664 1
2 701 1
2 751 1
2 757 1
2 759 1
2 779 1
2 785 1
2 804 1
2 820 1
2 829 1
2 858 1
2 863 1
2 864 1
2 867 1
2 874 1
2 875 1
2 878 1
2 927 1
2 961 1
2 968 1
2 977 1
2 983 1
2 990 1
2 991 1
3 4 1
3 7 1
3 8 1
3 9 1
3 10 1
3 27 1
3 52 1
3 59 1
3 70 1
3 103 1
3 106 1
3 109 1
3 145 1
3 160 1
3 172 1
3 257 1
3 259 1
3 269 1
3 270 1
3 271 1
3 287 1
3 292 1
3 316 1
3 329 1
3 335 1
3 339 1
3 362 1
3 370 1
3 388 1
3 409 1
3 418 1
3 424 1
3 443 1
3 446 1
3 461 1
3 464 1
3 487 1
3 488 1
3 499 1
3 504 1
3 598 1
3 633 1
3 634 1
3 640 1
3 664 1
3 690 1
3 700 1
3 703 1
3 709 1
3 714 1
3 721 1
3 755 1
3 759 1
3 761 1
3 787 1
3 797 1
3 800 1
3 808 1
3 822 1
3 830 1
3 861 1
3 862 1
3 885 1
3 886 1
3 910 1
3 918 1
3 938 1
3 941 1
3 962 1
3 971 1
3 994 1
3 998 1
4 5 1
4 9 1
4 12 1
4 18 1
4 23 1
4 40 1
4 58 1
4 98 1
4 154 1
4 170 1
4 173 1
4 195 1
4 256 1
4 258 1
4 284 1
4 319 1
4 346 1
4 398 1
4 519 1
4 555 1
4 581 1
4 601 1
4 625 1
4 738 1
4 782 1
4 822 1
4 903 1
4 953 1
4 960 1
4 967 1
5 171 1
5 256 1
5 375 1
5 392 1
5 433 1
5 583 1
5 588 1
5 627 1
5 651 1
5 659 1
5 678 1
5 889 1
6 29 1
6 162 1
6 172 1
6 247 1
6 423 1
6 425 1
6 471 1
6 685 1
6 764 1
6 857 1
6 886 1
6 900 1
7 19 1
7 21 1
7 32 1
7 33 1
7 38 1
7 44 1
7 47 1
7 65 1
7 76 1
7 81 1
7 93 1
7 95 1
7 108 1
7 127 1
7 129 1
7 130 1
7 138 1
7 141 1
7 145 1
7 156 1
7 170 1
7 178 1
7 193 1
7 213 1
7 215 1
7 233 1
7 236 1
7 253 1
7 254 1
7 255 1
7 265 1
7 283 1
7 286 1
7 288 1
7 289 1
7 305 1
7 313 1
7 339 1
7 353 1
7 367 1
7 373 1
7 377 1
7 379 1
7 380 1
7 385 1
7 396 1
7 431 1
7 434 1
7 482 1
7 484 1
7 501 1
7 543 1
7 571 1
7 575 1
7 580 1
7 584 1
7 585 1
7 587 1
7 602 1
7 612 1
7 627 1
7 649 1
7 718 1
7 736 1
7 743 1
7 797 1
7 832 1
7 849 1
7 914 1
7 916 1
7 943 1
7 958 1
7 965 1
8 17 1
8 43 1
8 69 1
8 372 1
8 414 1
8 428 1
8 430 1
8 467 1
8 524 1
8 557 1
8 629 1
8 745 1
8 778 1
8 812 1
9 10 1
9 12 1
9 17 1
9 23 1
9 24 1
9 25 1
9 45 1
9 49 1
9 51 1
9 68 1
9 94 1
9 103 1
9 121 1
9 131 1
9 133 1
9 185 1
9 257 1
9 281 1
9 282 1
9 288 1
9 289 1
9 298 1
9 302 1
9 303 1
9 306 1
9 330 1
9 342 1
9 352 1
9 354 1
9 360 1
9 367 1
9 375 1
9 386 1
9 418 1
9 425 1
9 430 1
9 438 1
9 440 1
9 456 1
9 474 1
9 493 1
9 511 1
9 515 1
9 526 1
9 529 1
9 572 1
9 586 1
9 597 1
9 620 1
9 622 1
9 641 1
9 644 1
9 656 1
9 677 1
9 683 1
9 700 1
9 713 1
9 725 1
9 734 1
9 763 1
9 770 1
9 780 1
9 782 1
9 798 1
9 803 1
9 834 1
9 842 1
9 850 1
9 859 1
9 881 1
9 902 1
9 905 1
9 907 1
9 919 1
9 929 1
9 964 1
9 967 1
9 970 1
9 999 1
12 14 1
12 18 1
12 30 1
12 70 1
12 110 1
12 169 1
12 209 1
12 239 1
12 304 1
12 553 1
12 643 1
12 709 1
12 753 1
12 785 1
12 794 1
12 796 1
12 824 1
12 829 1
12 855 1
12 948 1
13 64 1
14 24 1
14 34 1
14 37 1
14 52 1
14 60 1
14 66 1
14 84 1
14 86 1
14 97 1
14 105 1
14 163 1
14 167 1
14 203 1
14 218 1
14 222 1
14 229 1
14 280 1
14 332 1
14 369 1
14 372 1
14 410 1
14 422 1
14 448 1
14 460 1
14 465 1
14 479 1
14 574 1
14 586 1
14 592 1
14 628 1
14 641 1
14 659 1
14 795 1
14 833 1
14 881 1
14 902 1
14 979 1
15 16 1
15 28 1
15 29 1
15 39 1
15 48 1
15 50 1
15 53 1
15 55 1
15 57 1
15 60 1
15 62 1
15 68 1
15 72 1
15 83 1
15 91 1
15 104 1
15 113 1
15 115 1
15 117 1
15 128 1
15 135 1
15 136 1
15 139 1
15 143 1
15 148 1
15 151 1
15 183 1
15 184 1
15 190 1
15 196 1
15 210 1
15 219 1
15 221 1
15 222 1
15 230 1
15 240 1
15 243 1
15 254 1
15 266 1
15 278 1
15 292 1
15 302 1
15 315 1
15 317 1
15 321 1
15 324 1
15 338 1
15 344 1
15 345 1
15 351 1
15 359 1
15 378 1
15 384 1
15 395 1
15 399 1
15 414 1
15 417 1
15 427 1
15 432 1
15 433 1
15 442 1
15 443 1
15 446 1
15 459 1
15 471 1
15 489 1
15 494 1
15 495 1
15 502 1
15 509 1
15 512 1
15 540 1
15 547 1
15 563 1
15 600 1
15 603 1
15 605 1
15 608 1
15 610 1
15 616 1
15 635 1
15 636 1
15 640 1
15 658 1
15 660 1
15 667 1
15 673 1
15 687 1
15 698 1
15 735 1
15 762 1
15 783 1
15 811 1
15 816 1
15 821 1
15 834 1
15 843 1
15 845 1
15 856 1
15 859 1
15 867 1
15 868 1
15 872 1
15 884 1
15 909 1
15 917 1
15 933 1
15 938 1
15 954 1
15 983 1
15 996 1
16 30 1
16 149 1
16 183 1
16 262 1
16 295 1
16 364 1
16 554 1
16 624 1
16 720 1
16 821 1
17 930 1
18 488 1
18 629 1
18 645 1
18 768 1
18 771 1
18 975 1
19 20 1
19 376 1
19 417 1
19 426 1
19 705 1
19 786 1
20 186 1
21 80 1
21 111 1
21 507 1
21 767 1
21 898 1
22 85 1
22 198 1
22 408 1
22 457 1
22 538 1
22 567 1
22 848 1
22 876 1
23 26 1
23 37 1
23 54 1
23 57 1
23 61 1
23 85 1
23 96 1
23 143 1
23 171 1
23 181 1
23 188 1
23 239 1
23 279 1
23 301 1
23 321 1
23 517 1
23 591 1
23 752 1
23 791 1
24 140 1
24 165 1
24 231 1
24 442 1
24 494 1
24 587 1
24 652 1
24 845 1
24 939 1
25 36 1
25 92 1
26 47 1
26 72 1
26 77 1
26 106 1
26 108 1
26 114 1
26 125 1
26 135 1
26 178 1
26 207 1
26 226 1
26 230 1
26 294 1
26 296 1
26 301 1
26 324 1
26 331 1
26 359 1
26 371 1
26 391 1
26 447 1
26 513 1
26 546 1
26 568 1
26 577 1
26 583 1
26 596 1
26 639 1
26 645 1
26 648 1
26 655 1
26 663 1
26 694 1
26 826 1
26 846 1
26 847 1
26 916 1
26 927 1
26 942 1
26 997 1
27 236 1
27 287 1
27 435 1
27 837 1
28 34 1
28 41 1
28 99 1
28 168 1
28 264 1
28 355 1
28 467 1
28 485 1
28 522 1
28 573 1
28 577 1
28 638 1
28 727 1
28 768 1
28 806 1
28 836 1
28 878 1
29 75 1
29 76 1
29 94 1
29 101 1
29 107 1
29 109 1
29 116 1
29 120 1
29 126 1
29 150 1
29 156 1
29 158 1
29 163 1
29 205 1
29 214 1
29 218 1
29 300 1
29 311 1
29 315 1
29 390 1
29 392 1
29 399 1
29 432 1
29 440 1
29 444 1
29 450 1
29 452 1
29 463 1
29 485 1
29 514 1
29 533 1
29 545 1
29 554 1
29 559 1
29 595 1
29 673 1
29 677 1
29 801 1
29 807 1
29 906 1
29 922 1
29 924 1
29 928 1
29 954 1
29 965 1
29 978 1
30 127 1
30 285 1
30 286 1
30 705 1
30 772 1
30 786 1
30 863 1
30 901 1
30 932 1
31 58 1
31 59 1
31 107 1
31 365 1
31 572 1
31 638 1
31 689 1
32 63 1
32 152 1
32 165 1
32 169 1
32 246 1
34 99 1
34 872 1
35 504 1
36 74 1
36 98 1
36 232 1
36 266 1
36 276 1
36 335 1
36 389 1
36 426 1
36 464 1
36 556 1
36 574 1
36 578 1
36 744 1
36 765 1
36 860 1
37 148 1
37 164 1
37 519 1
38 39 1
38 576 1
39 48 1
39 210 1
39 343 1
39 396 1
39 489 1
39 828 1
39 913 1
41 84 1
41 211 1
41 298 1
41 391 1
41 507 1
41 800 1
41 858 1
41 962 1
42 950 1
45 62 1
45 63 1
45 90 1
45 137 1
45 149 1
45 155 1
45 188 1
45 338 1
45 350 1
45 356 1
45 466 1
45 475 1
45 498 1
45 676 1
45 764 1
45 802 1
45 882 1
47 101 1
47 354 1
47 508 1
47 544 1
47 681 1
47 862 1
47 929 1
48 137 1
48 204 1
48 235 1
48 420 1
48 890 1
50 213 1
50 229 1
50 352 1
50 480 1
50 624 1
52 61 1
52 397 1
52 487 1
53 992 1
54 80 1
54 211 1
54 233 1
54 284 1
54 318 1
54 355 1
54 453 1
54 521 1
54 588 1
54 978 1
55 157 1
55 245 1
55 393 1
55 763 1
55 773 1
56 711 1
58 124 1
58 161 1
58 297 1
58 347 1
58 550 1
58 617 1
58 637 1
58 703 1
58 707 1
58 741 1
58 758 1
58 824 1
59 67 1
59 71 1
59 238 1
59 248 1
59 251 1
59 979 1
60 122 1
60 130 1
60 160 1
60 205 1
60 362 1
60 378 1
60 534 1
60 542 1
60 621 1
60 866 1
60 880 1
60 953 1
60 989 1
60 995 1
61 680 1
62 89 1
62 111 1
62 123 1
62 381 1
62 382 1
62 840 1
63 97 1
63 311 1
63 323 1
63 345 1
63 351 1
63 380 1
63 445 1
63 560 1
63 618 1
63 731 1
63 749 1
63 769 1
63 775 1
63 808 1
63 851 1
63 944 1
63 968 1
63 999 1
64 147 1
64 179 1
64 393 1
64 407 1
64 444 1
64 561 1
65 78 1
65 119 1
65 180 1
65 217 1
65 275 1
65 278 1
65 337 1
65 626 1
65 661 1
65 666 1
65 998 1
66 144 1
66 325 1
66 499 1
66 512 1
66 630 1
66 963 1
67 110 1
67 237 1
67 441 1
67 503 1
67 599 1
68 401 1
68 597 1
68 655 1
70 225 1
70 232 1
70 267 1
70 402 1
70 439 1
70 477 1
70 537 1
70 912 1
71 189 1
71 241 1
72 73 1
72 136 1
72 146 1
73 809 1
74 88 1
74 316 1
74 361 1
74 472 1
74 604 1
74 720 1
74 733 1
74 825 1
74 882 1
75 187 1
75 189 1
75 249 1
75 691 1
76 91 1
76 147 1
76 175 1
76 180 1
76 186 1
76 223 1
76 336 1
76 343 1
76 357 1
76 429 1
76 514 1
76 752 1
76 892 1
77 115 1
77 174 1
77 191 1
77 197 1
77 225 1
77 235 1
77 299 1
77 308 1
77 528 1
77 560 1
77 565 1
77 650 1
77 901 1
78 326 1
79 154 1
79 173 1
79 277 1
79 334 1
79 373 1
79 622 1
80 123 1
80 175 1
80 206 1
80 513 1
80 529 1
80 541 1
80 699 1
80 722 1
80 889 1
81 841 1
82 293 1
82 388 1
82 526 1
83 121 1
83 623 1
85 87 1
85 711 1
87 92 1
87 221 1
87 395 1
87 539 1
87 558 1
88 272 1
89 140 1
89 146 1
89 200 1
89 204 1
89 208 1
89 227 1
89 458 1
89 463 1
89 593 1
89 642 1
89 776 1
89 905 1
89 909 1
89 986 1
89 993 1
90 416 1
91 241 1
91 919 1
92 920 1
94 745 1
94 952 1
95 224 1
95 565 1
95 569 1
95 613 1
95 760 1
95 772 1
95 790 1
95 896 1
96 141 1
96 196 1
96 934 1
97 102 1
97 202 1
97 274 1
97 376 1
97 594 1
98 125 1
98 234 1
98 971 1
100 223 1
100 326 1
100 403 1
100 497 1
100 658 1
101 350 1
101 384 1
101 732 1
101 847 1
102 132 1
102 198 1
102 309 1
102 383 1
102 447 1
102 449 1
103 682 1
104 114 1
104 431 1
104 670 1
104 710 1
104 994 1
105 113 1
105 195 1
105 201 1
105 368 1
105 371 1
105 377 1
105 557 1
105 731 1
105 743 1
105 769 1
105 839 1
105 871 1
105 975 1
105 987 1
106 231 1
107 334 1
107 427 1
107 468 1
107 747 1
108 142 1
108 144 1
108 176 1
108 184 1
108 212 1
108 217 1
109 162 1
109 258 1
109 322 1
109 346 1
109 496 1
109 599 1
109 667 1
109 689 1
109 733 1
109 826 1
109 879 1
109 937 1
109 943 1
109 984 1
110 166 1
110 270 1
110 313 1
110 661 1
111 158 1
111 181 1
111 726 1
111 728 1
112 330 1
112 589 1
113 224 1
113 436 1
113 562 1
113 647 1
114 238 1
114 297 1
115 187 1
115 620 1
115 656 1
115 982 1
117 897 1
120 142 1
120 268 1
120 400 1
120 891 1
121 438 1
121 535 1
121 810 1
121 939 1
121 948 1
122 502 1
122 730 1
123 349 1
123 611 1
125 483 1
126 132 1
126 152 1
126 157 1
126 216 1
126 738 1
126 793 1
127 671 1
128 240 1
128 261 1
128 387 1
128 478 1
128 497 1
128 544 1
128 669 1
128 754 1
129 153 1
129 848 1
130 609 1
130 740 1
130 841 1
131 682 1
133 406 1
133 450 1
133 531 1
134 631 1
134 696 1
134 914 1
135 159 1
135 337 1
135 590 1
135 723 1
136 290 1
136 385 1
136 958 1
137 244 1
137 260 1
137 364 1
137 365 1
137 532 1
137 674 1
137 702 1
137 704 1
137 944 1
139 291 1
139 469 1
140 228 1
140 455 1
140 476 1
140 668 1
140 701 1
143 516 1
143 836 1
146 969 1
147 177 1
147 179 1
147 193 1
147 246 1
147 358 1
147 361 1
147 374 1
147 394 1
147 413 1
147 419 1
147 435 1
147 458 1
147 462 1
147 605 1
147 628 1
147 647 1
147 675 1
147 695 1
147 750 1
147 828 1
147 922 1
147 933 1
147 973 1
149 530 1
150 273 1
150 833 1
152 692 1
153 615 1
154 281 1
154 291 1
154 347 1
154 472 1
154 573 1
154 674 1
154 718 1
154 762 1
154 887 1
154 988 1
155 168 1
155 524 1
155 648 1
155 877 1
158 220 1
158 323 1
158 419 1
158 516 1
160 200 1
160 551 1
160 729 1
161 479 1
161 713 1
163 332 1
163 469 1
163 540 1
163 654 1
163 679 1
163 794 1
163 977 1
165 533 1
165 649 1
165 818 1
167 282 1
168 201 1
168 870 1
169 227 1
169 310 1
169 508 1
169 545 1
169 734 1
169 799 1
171 868 1
173 333 1
173 774 1
174 308 1
175 657 1
176 777 1
177 496 1
179 403 1
180 382 1
180 570 1
180 653 1
181 923 1
182 322 1
183 699 1
184 306 1
188 787 1
189 220 1
189 226 1
189 328 1
189 428 1
189 491 1
189 744 1
189 774 1
189 951 1
190 453 1
190 940 1
190 981 1
191 342 1
191 946 1
192 394 1
192 484 1
192 614 1
192 930 1
194 358 1
196 265 1
196 582 1
196 684 1
198 244 1
199 212 1
199 312 1
199 569 1
199 758 1
199 773 1
199 817 1
199 823 1
199 924 1
200 274 1
200 451 1
201 243 1
201 455 1
201 959 1
203 775 1
204 486 1
204 539 1
205 632 1
205 857 1
206 766 1
206 987 1
207 349 1
207 429 1
207 515 1
208 304 1
209 267 1
209 712 1
210 242 1
210 422 1
210 996 1
211 883 1
212 383 1
214 633 1
215 543 1
215 750 1
217 328 1
222 389 1
223 273 1
223 275 1
223 309 1
223 405 1
223 521 1
223 668 1
223 781 1
223 789 1
223 913 1
224 653 1
224 779 1
226 271 1
226 818 1
227 327 1
227 531 1
227 542 1
231 269 1
231 363 1
231 558 1
232 314 1
232 344 1
232 608 1
232 712 1
232 873 1
233 299 1
233 517 1
233 525 1
233 796 1
235 644 1
236 379 1
236 899 1
236 945 1
238 619 1
238 742 1
239 279 1
239 751 1
243 340 1
243 613 1
244 637 1
245 341 1
246 451 1
247 253 1
247 390 1
249 839 1
252 470 1
252 844 1
253 263 1
255 272 1
255 366 1
255 408 1
255 551 1
255 830 1
255 855 1
255 957 1
256 462 1
257 694 1
257 753 1
258 480 1
259 606 1
261 411 1
261 612 1
263 693 1
263 907 1
264 296 1
264 631 1
264 817 1
266 340 1
266 854 1
268 357 1
268 660 1
271 601 1
271 716 1
271 860 1
272 397 1
272 398 1
272 537 1
273 276 1
273 320 1
273 461 1
275 294 1
275 307 1
277 381 1
278 757 1
279 295 1
279 404 1
279 407 1
279 416 1
279 589 1
279 598 1
279 812 1
281 421 1
282 312 1
284 611 1
285 317 1
285 566 1
285 761 1
287 412 1
287 966 1
288 473 1
288 635 1
288 790 1
289 307 1
289 437 1
290 715 1
291 490 1
292 341 1
292 402 1
292 445 1
292 490 1
292 799 1
292 874 1
293 603 1
301 305 1
302 726 1
304 421 1
304 607 1
304 646 1
304 686 1
307 890 1
309 518 1
309 877 1
310 368 1
310 748 1
313 621 1
314 549 1
315 353 1
315 415 1
315 510 1
315 666 1
316 724 1
316 815 1
318 320 1
318 410 1
318 456 1
318 538 1
318 630 1
318 963 1
319 811 1
322 423 1
324 688 1
325 662 1
325 820 1
326 791 1
327 856 1
328 623 1
330 424 1
330 547 1
330 819 1
332 755 1
334 741 1
338 607 1
338 707 1
338 976 1
339 843 1
341 748 1
341 921 1
341 955 1
341 980 1
341 984 1
343 439 1
344 409 1
344 805 1
344 885 1
344 908 1
348 579 1
349 582 1
349 671 1
350 831 1
352 871 1
355 912 1
355 970 1
360 563 1
360 618 1
363 652 1
366 441 1
366 493 1
367 568 1
367 650 1
372 600 1
373 374 1
373 454 1
373 511 1
373 777 1
373 898 1
374 530 1
379 639 1
380 842 1
380 957 1
382 895 1
386 737 1
387 500 1
387 706 1
388 662 1
389 454 1
389 636 1
389 838 1
389 849 1
389 911 1
390 532 1
390 925 1
391 523 1
391 602 1
391 908 1
393 765 1
395 942 1
401 746 1
401 852 1
402 579 1
402 827 1
402 897 1
403 518 1
409 997 1
411 459 1
415 498 1
416 595 1
416 851 1
418 657 1
425 991 1
426 827 1
427 776 1
428 478 1
428 693 1
428 805 1
428 966 1
431 522 1
433 716 1
433 825 1
437 596 1
437 760 1
439 778 1
440 500 1
440 615 1
443 684 1
446 691 1
446 846 1
447 575 1
447 580 1
447 651 1
448 549 1
453 801 1
455 704 1
456 918 1
457 470 1
457 481 1
457 501 1
457 505 1
457 697 1
457 719 1
457 981 1
457 989 1
462 723 1
462 893 1
463 681 1
464 609 1
464 614 1
464 819 1
465 466 1
465 686 1
466 708 1
468 864 1
470 643 1
470 784 1
474 591 1
474 816 1
475 482 1
481 670 1
482 676 1
483 756 1
484 730 1
492 665 1
494 729 1
494 853 1
499 548 1
501 592 1
501 956 1
503 548 1
504 1000 1
505 506 1
505 571 1
506 567 1
506 980 1
514 546 1
515 879 1
516 536 1
516 698 1
519 795 1
526 789 1
526 895 1
529 687 1
529 749 1
530 561 1
532 931 1
533 814 1
537 804 1
537 850 1
537 880 1
538 894 1
539 724 1
540 917 1
541 875 1
545 985 1
546 606 1
546 866 1
547 747 1
555 904 1
555 926 1
557 692 1
559 945 1
560 727 1
560 955 1
565 604 1
565 788 1
568 802 1
569 642 1
569 876 1
569 956 1
573 590 1
577 910 1
582 725 1
585 893 1
586 932 1
587 784 1
590 679 1
594 654 1
594 702 1
595 625 1
595 665 1
595 706 1
595 728 1
597 865 1
597 974 1
602 739 1
605 854 1
608 823 1
608 883 1
610 688 1
610 884 1
618 974 1
619 683 1
619 940 1
631 891 1
632 675 1
633 888 1
637 690 1
638 920 1
648 915 1
653 937 1
661 717 1
667 835 1
671 736 1
674 678 1
676 976 1
680 815 1
681 832 1
687 941 1
688 888 1
688 936 1
690 838 1
690 986 1
691 756 1
702 742 1
703 740 1
707 935 1
715 798 1
719 911 1
732 869 1
742 900 1
743 992 1
751 852 1
752 865 1
753 831 1
760 903 1
761 766 1
763 952 1
770 926 1
779 844 1
795 806 1
796 892 1
797 813 1
797 950 1
798 951 1
799 807 1
805 925 1
837 870 1
845 923 1
867 869 1
870 972 1
873 887 1
900 973 1
916 960 1
935 1000 1
946 959 1
966 982 1
979 995 1
